19992.0115204
4651.46677521
4748.51953521
4814.53010521
4851.52872521
4943.57269521
4988.58763521
5014.60980521
5087.65604521
5151.66871521
5248.72147521
5250.71937521
5319.75858521
5363.80343521
5448.80117521
5464.85111521
5549.84885521
5593.89370521
5664.93081521
5677.90743521
5721.95227521
5821.02068521
5863.98674521
5977.12179521
5992.04532521
6095.05451521
6133.22290521
6209.09744521
6230.27566521
6386.37677521
6395.17675521
6443.39823521
6482.20878521
6590.46664521
6645.27211521
6687.51940521
6744.34052521
6816.56199521
6859.36746521
6979.62532521
6996.42637521
7066.65735521
7152.52748521
7209.54894521
7213.72576521
7324.57588521
7376.78909521
7437.65994521
7491.81603521
7550.74400521
7663.82806521
7677.89534521
7760.88082521
7863.97465521
7888.93940521
7965.02233521
8036.00781521
8094.06492521
8135.07622521
8181.09695521
8272.13513521
8294.18101521
8385.21919521
8422.27597521
8456.25630521
8608.35528521
8612.35741521
8695.38731521
8699.38944521
8800.43712521
8858.45064521
8937.49603521
9005.51905521
9062.54051521
9068.53652521
9183.56346521
9248.61982521
9312.60605521
9376.67840521
9498.68536521
9504.77336521
9603.84177521
9645.75377521
9716.92583521
9801.85488521
9819.93502521
9876.95648521
9914.93894521
9990.04054521
10001.9709752
10077.0725752
10115.0550352
10172.0764952
10190.1566352
10275.0856852
10346.2577452
10388.1697452
10487.2381552
10493.3261552
10615.3331152
10679.4054652
10743.3916952
10808.4480552
10923.4749952
10929.4710052
10986.4924652
11054.5154852
11133.5608752
11191.5743952
11292.6220752
11296.6242052
11379.6541052
11383.6562352
11535.7552152
11569.7355452
11606.7923252
11697.8305052
11719.8763852
11810.9145652
11856.9352952
11897.9465952
11956.0037052
12026.9891852
12103.0721152
12128.0368652
12231.1306952
12314.1161752
12328.1834552
12441.2675152
12500.1954852
12554.3515752
12615.2224252
12667.4356352
12778.2857552
12782.4625752
12839.4840352
12925.3541652
12995.5851452
13012.3861952
13132.6440552
13175.4495252
13247.6709952
13304.4921152
13346.7394052
13401.5448752
13509.8027352
13548.6132852
13596.8347652
13605.6347452
13761.7358552
13782.9140752
13858.7886152
13896.9570052
13999.9661952
14014.8897252
14128.0247752
14170.9908352
14270.0592452
14314.1040852
14327.0807052
14398.1178152
14442.1626652
14527.1604052
14543.2103452
14628.2080852
14672.2529352
14741.2921452
14743.2900452
14840.3428052
14904.3554752
14977.4017152
15003.4238852
15048.4388252
15140.4827952
15177.4814152
15243.4919852
15340.5447452
