901
825 82
583 529
46 128
48 299
544 177
20 608
900 192
238 268
184 254
413 18
563 167
147 312
43 650
259 364
313 156
437 651
153 378
767 120
53 362
31 24
81 522
64 49
402 619
504 389
117 90
55 263
244 78
104 570
179 15
11 10
285 416
127 45
705 347
557 427
402 532
448 288
253 457
71 156
275 265
708 65
110 519
267 729
25 21
14 6
124 102
11 45
1 9
41 11
233 149
216 45
379 368
272 680
28 4
73 35
432 585
16 395
753 627
459 447
205 240
639 505
401 792
30 24
547 495
134 340
85 222
235 758
609 510
16 42
394 393
250 50
248 170
298 530
159 6
43 28
386 31
525 265
432 451
121 778
96 396
33 39
149 16
88 51
30 242
357 324
323 4
319 320
82 223
294 338
354 491
475 607
33 169
371 746
427 149
68 57
262 430
847 415
79 367
316 58
86 177
848 770
35 224
402 14
280 188
652 412
791 14
76 37
644 586
577 612
174 48
553 590
450 458
276 361
1 2
183 292
36 776
801 780
675 53
179 518
86 209
757 224
66 52
351 265
165 808
35 477
115 329
282 229
1 20
198 207
7 403
95 97
689 631
3 8
322 881
853 622
199 122
528 67
32 398
837 103
701 131
840 148
709 190
62 259
425 893
499 581
499 343
749 805
308 784
142 38
200 443
47 30
81 385
307 717
159 167
54 13
116 97
82 331
317 4
25 40
146 164
321 246
348 901
417 312
861 85
436 844
747 94
12 9
785 560
725 453
353 71
763 127
64 273
162 84
127 193
57 19
26 5
277 290
162 366
287 736
231 648
33 276
105 16
144 494
855 528
285 811
302 191
570 812
688 652
518 807
239 685
731 661
304 12
441 151
100 133
327 818
34 888
642 862
87 303
870 2
11 332
145 201
366 813
2 465
75 26
624 55
427 657
507 526
315 130
123 834
677 293
289 187
602 415
14 421
694 732
294 760
56 180
93 60
144 135
151 550
802 541
779 413
80 60
29 2
288 412
671 200
616 486
313 543
460 42
661 375
83 206
236 158
660 175
764 490
232 595
659 815
382 59
126 132
125 56
324 59
280 540
35 10
105 267
660 723
38 18
730 22
21 155
51 63
370 306
487 477
506 367
622 507
215 208
615 488
560 201
41 157
286 380
679 597
481 368
225 175
863 607
682 118
659 55
333 125
57 245
513 364
264 82
864 899
10 803
46 420
216 226
598 275
336 878
360 839
320 794
34 33
488 681
170 835
475 388
76 596
773 606
552 309
20 32
328 627
884 287
53 52
119 154
516 499
857 301
493 26
58 26
646 269
74 742
131 85
355 182
851 69
867 225
87 171
241 187
456 697
623 771
617 860
57 319
175 176
328 770
829 231
262 548
18 103
618 450
80 850
199 356
449 392
173 121
72 614
298 161
167 503
421 715
795 615
1 10
798 51
314 97
467 501
222 897
327 118
300 253
432 203
281 115
655 155
585 761
594 638
404 514
603 70
348 141
777 854
67 260
163 411
113 334
138 10
868 567
264 734
287 674
636 420
569 883
420 735
65 81
143 100
308 193
22 535
663 608
463 762
203 743
18 214
363 61
541 59
5 36
238 70
272 310
858 709
641 229
150 59
42 178
147 67
668 448
91 99
190 521
642 599
213 436
70 667
101 43
817 806
39 564
88 286
483 117
67 397
345 68
745 99
39 60
470 123
316 720
254 482
106 279
842 157
50 135
390 83
455 188
44 123
86 121
3 1
219 164
293 257
296 141
406 214
461 704
59 788
258 10
645 333
95 2
294 180
129 205
409 111
340 490
190 85
95 218
656 161
496 438
419 699
846 418
6 13
9 86
539 536
472 138
489 647
29 77
698 490
806 575
105 148
726 768
775 590
446 283
21 49
143 437
416 789
39 611
141 537
167 574
473 256
326 212
226 474
102 88
274 453
299 774
565 555
782 15
13 181
4 15
239 269
227 6
239 100
30 234
83 122
85 134
706 503
265 393
388 418
246 234
444 123
533 493
324 687
382 755
200 666
400 118
168 879
470 480
714 799
186 305
196 529
22 70
207 769
276 450
91 710
18 306
15 56
438 199
349 672
353 424
777 121
793 648
91 85
739 16
95 891
84 39
765 640
22 203
105 354
69 748
892 187
340 342
542 452
249 140
122 129
109 119
549 573
543 582
6 7
387 36
199 200
391 82
467 279
198 18
294 452
460 885
877 805
133 388
76 562
138 466
90 886
600 252
6 1
29 741
527 249
162 210
71 419
67 35
24 826
106 82
171 589
41 191
556 223
740 554
822 684
99 401
60 336
540 567
168 88
625 537
268 865
479 216
148 337
167 428
384 500
220 97
20 110
180 631
213 39
613 754
567 832
303 673
374 507
68 509
52 107
25 50
726 291
751 163
187 208
683 234
2 59
880 341
407 88
327 384
495 613
63 377
89 22
220 684
456 219
621 11
516 593
242 295
141 700
140 284
343 1
556 780
301 58
634 147
329 626
405 159
25 92
6 372
772 673
309 703
488 121
9 166
534 29
484 221
669 329
86 120
57 266
128 137
114 35
316 498
396 434
140 67
468 115
303 787
276 497
101 311
146 568
261 204
197 576
104 73
1 5
188 335
85 515
139 170
810 189
836 787
224 426
735 875
90 64
434 887
873 11
161 75
185 117
224 797
601 702
257 469
22 492
674 874
277 51
251 167
44 41
85 50
72 47
486 414
161 255
318 133
34 65
203 274
441 554
189 196
11 194
150 182
781 615
86 237
108 463
37 145
871 401
192 108
123 130
153 26
714 416
213 894
141 24
474 546
569 362
172 253
87 96
522 733
58 307
305 502
502 662
38 462
162 392
597 337
183 719
531 477
508 221
440 39
499 551
21 19
74 79
592 272
394 433
664 61
691 598
247 278
495 40
23 14
743 882
195 229
27 718
545 415
55 175
488 864
507 635
666 756
138 272
511 359
11 549
71 5
263 790
696 306
571 479
363 653
271 210
210 422
44 824
244 828
383 71
33 211
394 628
577 316
454 101
8 27
95 158
231 106
686 493
711 431
98 11
11 61
422 523
796 341
100 29
200 738
630 133
381 326
297 274
99 800
704 827
201 425
157 852
712 136
152 136
27 108
404 50
113 759
804 499
423 214
81 399
3 17
146 7
112 27
33 8
257 137
416 464
5 22
184 179
627 632
775 823
243 236
389 314
202 69
163 442
713 194
400 517
346 166
416 520
51 606
151 128
195 47
410 355
553 276
51 48
447 308
538 441
115 439
623 633
380 841
507 617
188 87
3 55
431 424
667 744
87 31
2 183
293 415
126 41
676 607
252 127
141 160
341 104
115 118
485 290
37 78
360 73
232 843
621 856
240 330
230 34
620 889
369 40
376 183
247 414
48 115
111 92
14 18
178 605
408 210
435 821
203 328
46 29
24 23
722 701
833 61
512 138
352 61
192 814
527 566
197 26
290 694
245 591
568 670
174 350
365 269
274 309
16 14
809 707
340 373
601 241
467 859
108 587
359 217
599 209
285 49
5 578
192 724
94 11
26 235
268 816
19 11
148 349
31 232
390 536
654 314
99 204
692 171
831 36
752 614
221 262
154 374
588 205
200 898
60 594
197 347
643 256
221 165
270 215
311 461
83 52
200 579
896 788
60 766
265 89
319 819
45 368
505 140
658 21
83 693
152 187
586 21
446 866
645 727
344 30
445 53
353 620
64 113
188 845
161 325
62 43
721 117
58 287
288 259
438 580
172 217
