4933.32213231
5070.38104231
5185.40798231
5272.44001231
5387.46695231
5444.48841231
5558.53134231
5615.55280231
5718.56199231
5849.60248231
5977.69744231
6092.72438231
6189.77714231
6246.79860231
6349.80779231
6464.83473231
6595.87522231
6692.92798231
6821.97057231
6936.99751231
7074.05642231
7189.08336231
7320.12385231
7476.22496231
7589.30902231
7726.36793231
7825.43634231
7939.47927231
8054.50621231
8169.53315231
8268.60156231
8424.70267231
8555.74316231
8702.81157231
8805.82076231
8906.86844231
9007.91612231
9078.95323231
9192.03729231
9339.10570231
9467.16428231
9580.24834231
9708.30692231
9779.34403231
9882.35322231
10010.4118023
10125.4387423
10281.5398523
10384.5490423
10497.6331023
10660.6964323
10788.7550123
10916.8135923
10987.8507023
11084.9034623
11221.9623723
11385.0257023
11486.0733823
11617.1138723
11746.1564623
11860.1993923
11973.2834523
12088.3103923
12219.3508823
12366.4192923
12453.4513223
12600.5197323
12697.5724923
12844.6409023
13030.7202123
13143.8042723
13200.8257323
13356.9268423
13513.0279523
13660.0963623
13747.1283923
13875.2233523
13972.2761123
14069.3288723
14197.3874523
14326.4300423
14463.4889523
14594.5294423
14681.5614723
14795.6044023
14909.6473323
15008.7157423
15136.7743223
15239.7835123
15370.8240023
15457.8560323
15585.9509923
15642.9724523
15699.9939123
15863.0572423
15966.0664323
